1000 10000
1 2057 30
3277 7887 18
886 604 36
7897 5375 37
4625 5107 35
9222 116 32
769 1491 3
5324 7054 17
658 1594 22
6165 4112 7
1574 9777 21
8829 644 34
2279 8192 17
1331 9245 5
2821 1421 19
633 757 2
495 6407 17
3503 4636 14
2617 2209 30
5977 4314 19
5629 615 19
7783 3422 14
2469 4882 38
499 6226 11
728 9124 37
9415 9874 34
8620 6670 19
8864 6138 17
8352 7488 7
7904 5631 7
1428 294 12
1630 7801 8
8691 220 2
8477 8917 26
5003 3918 22
2135 2815 9
110 8629 31
2370 2367 26
3546 9267 8
4402 3952 29
4103 4909 19
6678 3980 20
617 637 20
5369 9179 3
1371 9430 10
8531 6174 22
6979 5525 8
7707 3840 6
916 6455 1
3532 5954 14
5291 408 6
4658 753 11
5933 8136 8
3502 370 35
2032 3916 25
4679 72 10
6681 6800 16
5689 6599 35
1085 307 25
5076 1433 35
9024 2753 26
1969 4690 39
9828 1822 40
2347 8361 3
6428 3602 16
8496 7197 4
796 5427 14
9381 4864 23
5251 5278 31
5327 5438 11
8968 9746 26
7694 6779 40
4245 123 21
2085 636 28
5883 3845 34
9743 3077 24
4265 3581 32
6606 4405 22
7305 9846 13
5675 6550 27
3651 3852 24
1120 9951 18
5759 4869 31
9103 2220 25
7529 9364 21
9946 3197 34
805 4714 5
1156 6554 12
3350 7979 36
4798 1364 27
3458 3272 25
22 9839 5
478 5912 13
7105 9902 2
5041 6243 8
1722 2936 20
8740 1426 17
7999 4863 38
355 195 26
7451 9416 7
4712 9958 19
5124 6519 18
1798 4921 18
3526 3495 34
4164 7437 12
5017 520 7
3860 6641 15
2551 7545 24
41 4238 35
2108 8904 15
447 3497 18
5507 400 33
8597 5200 20
1220 1096 29
955 4897 40
7048 6036 5
3177 8610 9
2003 5158 19
7660 8932 18
2354 1250 24
3496 6623 15
1580 400 19
3458 2358 20
1679 2371 30
1810 5276 35
3031 8683 18
9746 2109 35
2452 431 32
1586 4899 28
1602 7027 2
376 4533 27
7841 3841 40
1045 7013 17
7274 4307 15
105 3343 40
2435 1133 34
6748 732 22
9755 2423 5
6269 9210 34
4234 1103 28
2899 6127 20
693 2304 32
9133 3845 6
4394 5525 7
6083 2473 15
879 56 12
6889 5508 27
6517 2384 6
7988 6412 5
6432 7623 6
2638 8177 34
9688 3271 38
5223 370 11
5740 6757 34
2966 1764 26
2325 1213 31
628 3684 33
4107 7184 14
9488 3910 27
66 517 26
3504 1679 25
480 9457 23
3409 3858 1
192 1586 3
8081 2548 35
2553 9002 34
5275 3517 35
558 8115 1
2548 8638 29
2050 1955 14
8989 2536 21
9358 4511 27
7695 9577 18
7119 2581 17
7708 7587 2
4504 8366 6
3474 6241 1
8170 470 40
5425 5285 38
3678 5209 12
2820 7209 7
2938 7926 35
4626 1689 4
4640 7586 31
907 5005 7
4165 2441 7
3557 4171 3
8370 4006 39
5195 6186 33
3798 5831 6
8034 6707 30
3994 7026 24
3460 333 16
6834 4112 20
7864 2689 12
5502 6644 7
4149 6569 25
1288 2308 19
2003 6042 13
3021 8724 14
1925 7933 33
3767 3682 26
6525 1618 6
1261 7378 22
3332 517 6
1861 5375 10
9987 8603 31
8693 7377 21
5181 7983 8
2189 7705 17
889 2988 34
3915 6853 8
4095 3809 9
7560 9372 34
1360 3125 23
9826 1626 19
5052 2137 35
6463 6277 28
2039 7522 23
6060 629 7
8897 6821 18
5744 3782 10
8624 5967 21
5430 7950 26
1927 2485 34
9423 7001 3
1221 1259 27
6308 3550 13
3321 1917 33
4607 1896 11
1690 1471 36
1626 773 34
8439 1215 8
562 8989 26
8612 2257 30
7405 2624 29
4907 9401 22
4493 9525 11
5866 4564 18
3721 7321 21
4971 91 38
1983 6714 15
9003 7554 15
6293 5742 10
2910 780 10
4819 1233 35
2817 3773 4
7924 5287 33
3041 5981 16
8180 4977 32
3845 3778 21
3629 4275 30
236 5229 20
3760 8934 18
9506 5407 16
8397 978 9
881 671 6
5888 9252 19
5742 8903 40
6506 2920 5
8629 7657 13
5512 6944 24
6727 3524 25
2700 7936 37
4386 8158 20
8490 7147 36
218 8732 37
632 943 7
7100 7823 4
4767 4752 20
1322 8006 6
4717 7115 13
259 6941 26
9769 7569 11
7950 1487 29
5698 7452 9
4856 1058 27
34 5357 22
3356 9336 19
7215 4321 10
2388 6576 29
969 2069 3
8565 1235 30
6827 374 29
1765 7722 40
767 7918 38
6081 7006 6
5286 7957 37
8266 8339 4
8109 7113 28
7229 670 33
8137 5915 30
9921 7827 37
5480 8130 35
5138 3728 12
8170 6348 22
798 4257 12
9719 9782 1
3863 6124 2
228 1881 28
4175 7437 32
7077 2905 37
2874 3115 2
4103 8769 30
3358 429 21
1106 5462 11
8379 3002 28
9628 1493 14
2343 5947 3
7006 8488 20
9577 3151 28
6043 2481 37
5947 1036 35
6889 40 29
6561 5596 26
6784 4280 11
3299 4068 5
5397 6104 38
4292 6530 33
1323 5967 5
9065 1993 21
5773 1952 30
2873 712 15
6919 4237 40
9396 8229 39
7866 7639 29
3795 2315 4
1102 9073 5
8514 8688 33
1283 6404 10
8372 3528 15
3003 7221 30
1052 5501 8
452 5637 22
6514 3400 5
1600 594 16
8084 3363 22
9187 6241 40
1257 492 35
4793 8995 17
129 4047 34
5871 9945 19
5857 2970 14
3888 3838 27
3166 2296 40
714 8196 38
1281 5509 33
7683 8048 17
7632 5171 35
4313 3130 34
9556 2467 7
99 713 10
4231 3513 16
1737 5792 33
6795 7820 34
3326 5672 12
7143 3030 29
3427 8087 20
9491 9471 19
9087 568 3
1576 4307 18
8467 3343 5
5656 5305 2
6676 3132 35
2234 9333 14
8566 2271 15
6458 1704 32
6368 5062 2
4221 9463 37
3763 4265 27
5552 1452 27
7123 1630 16
1935 2326 9
5244 9481 29
6491 8640 3
3687 1536 11
9911 1436 6
4404 8191 14
5868 5960 19
9084 8119 31
8210 3072 35
963 7373 26
8903 8171 25
6966 2058 27
5148 2299 22
4344 4707 5
42 5426 25
2580 8548 26
6674 3693 14
9262 9129 10
4649 865 31
5317 3288 8
7222 8721 15
4818 4813 4
2860 5367 28
951 2484 35
3954 1855 33
5267 7470 40
5323 3585 19
3792 2198 28
4128 1041 3
9003 87 35
2696 8019 36
8368 7148 38
7225 9512 23
78 3888 24
2479 5497 25
1654 4576 22
4173 4288 13
1392 4034 37
4234 9338 39
2530 8708 20
4674 4337 36
2364 5945 15
9911 4175 7
5644 634 17
1312 4199 29
7426 959 10
6126 7139 14
2515 6200 25
2781 5588 3
5409 6391 37
1613 9804 25
8584 1081 35
2501 3220 24
7670 3990 29
6822 8425 5
1980 8071 23
9884 6050 10
4579 3561 10
2877 7323 22
3158 3864 23
598 4714 30
1171 9379 23
5514 6969 38
6282 8311 1
4423 3774 4
2732 390 30
8133 5438 33
1927 3349 20
3751 5900 3
5686 8692 27
2307 5446 31
1551 6271 9
9640 1135 38
5708 4694 23
6236 345 25
3757 5698 28
7115 5973 15
1377 5325 16
4415 6743 39
1250 9116 34
3680 5842 34
4852 6999 15
4968 4006 1
2208 9188 37
7660 2771 6
8151 4260 18
7472 6599 29
7899 4925 38
960 6038 32
8557 2681 3
8358 6063 17
6588 5015 27
2392 5688 32
2018 2933 17
8221 789 17
1048 8422 2
3233 5038 40
7439 3251 37
2150 311 27
848 1783 36
4110 5000 2
1693 879 8
3392 2562 1
1658 7185 5
2988 6771 25
7290 2668 19
2076 9265 22
9617 6201 19
8453 7438 35
7611 5845 23
2278 1590 5
585 7256 12
4402 5487 30
6913 5122 7
3681 2215 39
1717 5312 6
7221 2631 40
5646 3502 10
5506 3882 19
7756 1388 25
2166 6003 19
505 9094 29
2624 1205 19
3496 296 7
844 4548 33
9856 5589 16
7498 1071 4
4385 2402 32
2318 7138 20
6910 8238 39
9929 5131 22
8219 4127 39
522 9532 25
2078 3801 28
2808 8694 38
3739 4529 33
8646 8003 38
4655 4258 36
1105 8383 24
2048 9719 14
8261 8248 34
3032 3534 32
8474 4742 40
7071 6661 32
3405 7315 12
8317 9824 28
8960 808 2
6095 9621 29
4438 7270 15
2259 875 29
5778 2746 9
3655 3582 24
3605 4657 12
8368 2408 14
2610 6868 13
7204 9589 4
2186 4935 32
4022 3914 4
2487 4048 25
3839 5714 28
1623 5664 39
4658 6016 3
1255 2723 12
6047 2628 28
1459 6656 9
6688 6411 32
6643 5867 21
6203 231 28
125 9337 20
7842 5985 24
9683 7866 21
6098 4596 14
5444 6653 11
1105 5602 1
4227 3906 32
5406 9450 14
5959 8022 14
3202 2744 40
9790 6113 28
998 3676 2
5768 3769 17
4957 4500 3
7306 7535 29
7540 6475 10
503 2920 9
4730 6503 8
9188 6501 7
8327 5861 18
5228 4791 37
8268 2989 29
3727 6128 22
9561 8830 37
52 4578 1
2675 897 33
3687 150 35
5331 5390 36
736 2749 25
5772 1085 26
5146 9049 8
3904 5067 7
7130 4267 4
3676 9713 9
3640 602 22
9647 2265 19
4874 6275 38
6317 8839 35
2154 5888 4
5037 7215 21
761 1600 11
7576 5956 34
5074 4409 19
2147 428 30
3011 9496 16
7892 3777 28
8802 3391 40
4411 2809 32
3202 5168 5
6814 1850 25
5919 1807 9
4777 7313 24
9208 6190 32
5050 9623 3
8679 2822 4
3063 8302 20
7789 670 27
4824 6553 33
7025 3357 28
3745 9590 38
3227 3401 17
6762 8087 20
7188 2935 21
3683 2054 9
3414 6355 5
3621 506 38
9354 4344 11
8944 4925 28
2927 2724 20
3110 6230 15
1798 8744 37
164 4237 6
3322 409 35
5927 8570 34
4884 5144 40
9788 6365 25
4559 5500 28
5618 5993 40
8672 5013 17
180 9714 33
8239 2449 29
6485 5338 27
1370 2747 27
2834 1840 30
4872 6578 10
5702 3597 30
1737 5355 34
7393 1227 32
3978 4638 12
1305 9232 35
6525 384 31
3488 1651 3
5754 7885 18
881 33 28
7945 7310 37
3292 7519 28
3382 1368 31
7172 2164 6
352 9564 3
8603 8937 26
7483 2518 27
9089 9271 11
5167 8564 19
7595 8731 16
1508 9642 39
8006 5667 16
9213 7720 11
842 8296 10
5220 3115 3
8796 6326 7
3950 7895 2
2744 5486 14
5125 339 35
246 5983 5
3582 8608 28
2681 1498 29
2 9853 26
8123 6426 22
4220 4055 10
6959 6316 26
3506 7865 28
6336 77 39
3076 9222 36
2360 2605 11
6198 226 18
3145 6354 4
145 1685 32
8004 1103 21
1029 2993 34
5073 1686 3
8563 6061 40
5002 3748 21
7925 771 38
744 113 25
1198 1609 30
4426 529 36
7677 6249 30
3117 8295 36
291 1486 35
6758 5492 34
857 6287 31
8493 7838 33
6899 477 17
909 8339 22
9566 1087 14
314 7073 31
3281 5863 6
728 8039 21
2815 7430 32
6767 4741 35
9912 3889 18
8778 1754 2
222 6711 12
4930 2810 29
3021 9959 2
3761 2732 21
3319 3662 12
2364 5443 19
1749 5125 22
4001 1292 30
2073 2664 23
8245 1418 4
4138 820 16
8419 646 35
9606 6898 10
6659 7102 32
4682 5393 22
1434 8 33
8862 2159 32
5829 4542 14
3665 8965 18
118 5225 16
3751 8174 8
4027 410 14
8408 2001 32
6541 8731 2
7920 5931 6
2472 632 9
6205 5848 23
7287 6304 37
3030 6101 29
7114 3685 5
9525 1 27
4616 1803 39
326 4832 27
5050 2653 5
3872 8172 10
5619 1385 33
3540 4043 21
63 2508 8
5948 7493 23
9453 3280 7
9676 5268 5
1176 1366 17
1165 5688 36
6432 2935 23
9383 3371 1
906 1556 16
9483 5460 3
4145 2550 8
2127 9989 30
9190 8464 6
8188 2627 38
8036 5087 29
8310 7762 36
6366 6274 30
5668 6792 5
6878 429 2
597 1713 4
8217 8492 27
7562 2618 16
5500 2972 38
7409 5714 24
4598 131 20
9628 7712 5
994 6809 25
7906 3180 25
6526 5263 15
3062 5997 37
8070 9307 24
2023 4112 7
7100 9573 13
3487 1598 2
8974 7715 39
8724 2365 20
2993 275 18
4276 5234 36
9447 224 39
77 3574 18
9651 2060 8
4250 7530 4
6232 694 16
280 1793 23
3655 5620 5
6030 4896 40
4295 671 33
3214 1106 29
7951 6622 18
7887 3373 24
1146 1586 21
3123 6407 23
2613 9076 5
5246 4021 8
1344 2275 15
7606 7028 9
6744 4999 25
4789 5910 24
2577 7660 34
8330 1075 7
2134 7800 12
262 5521 1
9170 4171 18
9270 2612 9
1515 3158 9
6949 6584 16
4702 876 7
4762 5579 13
4073 2232 15
792 2281 39
1778 5208 20
1555 3947 21
3481 174 10
5630 3034 18
1656 6445 18
625 2461 35
481 7539 17
2670 1365 32
598 4496 11
5879 85 34
2870 9462 16
5041 9813 11
552 1521 20
7218 3591 7
1971 7225 39
1091 6163 17
2555 8142 25
3390 2790 8
6571 5401 18
966 9194 36
3243 5786 16
5926 669 4
6523 4463 26
8456 929 22
4720 9504 7
7914 5185 19
1748 5526 20
934 74 33
3076 8963 7
6309 6598 15
2824 7919 24
1968 4518 39
3960 1351 37
4112 5234 27
5074 9185 29
7199 1436 29
2519 7893 6
6209 3103 19
4939 7253 11
5828 2042 13
7467 4939 19
3528 4725 4
3466 9617 34
6803 4987 4
7215 9474 14
8652 295 13
1708 5443 17
9616 4473 25
1845 5268 12
9425 1117 14
8116 6961 17
2121 1269 32
1625 3165 35
1837 6946 8
6213 4350 18
3941 1893 38
9510 2370 29
4859 78 6
3422 2367 6
1882 6029 37
199 5952 6
9151 8246 10
8901 3358 29
9605 1281 26
5969 5206 19
619 2307 19
2599 1967 1
9461 3449 21
143 3669 27
9041 5345 13
3102 4834 28
3145 3494 9
7805 3910 26
1051 8729 18
6948 872 22
1468 6245 13
777 1389 20
8311 1297 16
6343 3898 35
8206 1570 34
8151 5901 39
7415 8722 34
6446 1494 4
8069 1550 37
36 3389 12
5096 7722 4
5131 4667 29
1859 9108 7
3933 1225 15
6816 4755 1
5953 1719 15
8250 1352 4
2017 9131 20
3118 2340 31
1064 3310 31
2653 2305 33
5077 4092 21
8845 4342 21
6319 974 30
9849 8889 26
598 4021 18
2410 1498 4
9521 5249 26
8964 7778 10
6724 9179 24
2070 1625 28
7707 8291 14
2565 1739 20
7325 8667 29
7741 5900 8
6109 9173 37
8004 9396 2
4311 8594 10
5031 7693 21
8719 1473 5
5555 8558 27
3 3984 34
7087 3645 22
5686 7519 33
9597 9830 34
9518 5918 27
2627 5896 20
2550 5047 23
333 356 13
6457 3565 18
7628 7366 29
7178 1271 12
9538 47 28
5851 3953 12
9134 4643 2
914 9319 28
7186 3283 19
9174 3134 34
8561 2242 29
5085 6044 39
6478 4581 33
3864 978 20
5554 5549 26
5000 362 8
7780 3638 10
9395 8339 2
8068 7936 22
5877 8910 8
4090 3687 25
463 4986 39
6987 2102 6
975 2346 26
3785 5453 18
7805 5168 30
2618 9268 9
13 7586 8
2312 5732 39
6783 4296 33
938 469 24
9141 9559 30
5980 8152 26
7895 3166 24
8286 7413 36
6355 8401 29
300 4146 27
1229 4894 39
6726 819 9
7626 5234 4
8297 4656 25
4838 7879 28
6561 2160 34
9162 5193 1
6653 2472 6
8929 6465 23
7062 7389 29
5266 7925 22
8963 9374 22
435 7358 18
5541 2372 25
5160 1627 26
2089 2900 1
4037 6413 27
8425 2469 37
6887 1289 29
8898 5570 2
7868 1092 40
2240 5365 2
873 4443 17
622 1654 38
2922 5599 3
206 2514 28
2053 1422 12
8269 3869 17
2691 9620 5
4751 26 37
1274 1204 35
4450 179 13
2515 7786 15
4972 7996 18
5325 6535 36
1397 8887 4
237 9065 15
2289 3134 26
1919 3249 18
4843 2115 17
3831 4194 17
